camera_position: [-9.91, 4.97, 0.5]
camera_rotation: [ [1.0000000000000002, 6.661338147750939e-16, 2.220446049250313e-16], [-4.4408920985006257e-16, -2.220446049250314e-16, 1.0000000000000002], [4.440892098500626e-16, -1.0000000000000002, -4.440892098500626e-16] ]

synthetic_path: '/home/colino/hawk/synthetic_ground_truth/dynamic_no_occlusion/SingleMediumJackal-v1-t2'
synthetic_fps: 30

playback_speed: 1.0